53081,
16525,
67321,
40207,
06300,
0300,
75632,
63622-1699,
67321,
67321,
16,
67321,
NewCity,
67321,
73710,
0100,
09848-7861,
76253,
73710,
02316,
09878,
25539-2790,
11035,
3421,
44076-3114,
61865-4569,
90128-3209,
7649,
66376,
67321,
84034,
67321,
57243,
58537,
27433-4060,
68236,
NewCity,
900180,
75044,
20847,
85424,
0100,
456,
456,
42664-9144,
67321,
56870-5080,
21719-2721,
67321,
32668,
67321,
67321,
67321,
900180,
67321,
54373,
67321,
67321,
26934,
66641,
69653,
08028,
14028,
43650,
15641,
01535,
40000,
27640,
81243,
87635,
24534,
67321,
67321,
3333,
11111,
73710,
44354-5859,
95608-9655,
67321,
67321,
39374-9595,
65077,
12345,
67321,
456,
456,
34123-8972,
67321,
67321,
30707,
67321,
66627,
60324-8297,
40207,
79335-8485,
25149,
67782,
43730,
69183,
67321,
67321,
67321,
12520-7439,
31744,
56632,
43388,
45306,
52005-1338,
67321,
67321,
67321,
67321,
4567,
6,
02316,
6223656,
02316,
06300,
87615,
99322,
18521,
62897,
77788,
34914,
4900,
78273-5939,
45670,
33491,
90981,
61814,
67321,
72010,
dfd,
12345,
11134,
95655,
67321,
67321,
67321,
67321,
51876,
91226,
86706,
06967,
12798,
09367,
62650,
21613,
61474,
45676,
83241,
88738,
52391,
4564,
53592,
14365,
18479,
02507,
45205-0034,
5132,
900180,
18148,
91739,
88078-6316,
3434,
324,
80221,
77928-3731,
67321,
021,
900180,
39459-1248,
83241,
26638,
26801-5736,
Joe Joe,
67321,
79194-2719,
67321,
67321,
67321,
67321,
67321,
82385,
13344,
73189-3884,
35784,
89681,
873,
06300,
42,
10480,
02316,
82662,
56790-4657,
13532-8344,
08094-7392,
04177-7035,
22031,
00917-0991,
44561-5998,
0101,
0101,
41512,
79631-9445,
75044,
67321,
67321,
67321,
67321,
67321,
67321,
67321,
67321,
67321,
67321,
67321,
67321,
67321,
67321,
67321,
67321,
67321,
67321,
67321,
67321,
67321,
67321,
67321,
67321,
67321,
67321,
67321,
67321,
67321,
67321,
67321,
67321,
67321,
67321,
41869,
84121,
23442,
78283,
19717-4170,
61610,
67321,
67321,
32359-8574,
900180,
67321,
67321,
67321,
67321,
67321,
46172-5004,
67321,
23456,
67321,
8000,
67321,
67321,
67889,
56789,
76028-6885,
15922-5026,
00920,
02481,
12,
48435-4934,
67321,
67321,
67321,
67321,
83241,
67321,
67321,
62668-9746,
84709,
900180,
900180,
96200-2544,
67321,
37304-1570,
67321,
67321,
67321,
67321,
67321,
67321,
67321,
67321,
67321,
67321,
67321,
67321,
67321,
67321,
67321,
67321,
67321,
67321,
67321,
67321,
67321,
67321,
67321,
67321,
67321,
67321,
67321,
67321,
67321,
67321,
67321,
67321,
67321,
67321,
sdf,
20853-8757,
67321,
900180,
15445,
900180,
900180,
67321,
900180,
67321,
24767-9078,
67321,
42200,
67321,
67321,
67321,
67321,
67321,
67321,
67321,
67321,
67321,
67321,
67321,
67321,
67321,
67321,
77423,
59700,
754,
3,
aaa,
900180,
42256-6259,
67321,
67321,
67321,
67321,
67321,
04483,
67321,
67321,
67321,
67321,
67321,
67321,
67321,
67321,
71942,
51858-1699,
88783-2046,
23088-1796,
13424-4775,
56789,
67321,
67321,
67321,
67321,
67321,
67321,
67321,
67321,
67321,
67321,
67321,
67321,
67321,
67321,
67321,
67321,
67321,
67321,
67321,
67321,
67321,
67321,
67321,
67321,
67321,
67321,
67321,
67321,
67321,
67321,
67321,
67321,
67321,
67321,
67321,
67321,
67321,
75044,
67321,
67321,
67321,
67321,
67321,
67321,
67321,
67321,
67321,
67321,
74862,
73710,
02316,
70775-6036,
91397,
51499-9278,
34128,
31120-6275,
15574,
96408-1818,
80516,
67321,
67321,
67321,
67321,
67321,
67321,
67321,
67321,
67321,
67321,
67321,
67321,
67321,
67321,
67321,
67321,
67321,
67321,
42646,
66666,
67321,
2244,
900180,
567,
42972-4919,
74015,
32793-7240,
66387,
32581-9473,
98546,
67321,
67321,
67321,
67321,
67321,
67321,
67321,
67321,
67321,
67321,
67321,
67321,
67321,
67321,
67321,
67321,
67321,
51102,
20121,
75839,
85696,
02316,
76259,
24628,
56383,
67321,
67321,
67321,
0101,
67321,
67321,
67321,
67321,
67321,
67321,
67321,
67321,
67321,
67321,
67321,
67321,
67321,
67321,
67321,
67321,
67321,
67321,
67321,
67321,
67321,
67321,
67321,
63116,
67321,
67321,
67321,
67321,
67321,
67321,
67321,
67321,
67321,
67321,
67321,
67321,
67321,
67321,
67321,
67321,
67321,
67321,
67321,
67321,
67321,
67321,
67321,
67321,
67321,
67321,
67321,
67321,
67321,
67321,
67321,
67321,
67321,
67321,
67321,
67321,
900180,
900180,
07777-0923,
75301,
60774-3031,
86453,
39962,
67321,
67321,
67321,
67321,
67321,
67321,
68731,
52910-2595,
03598-5675,
900180,
900180,
54696-7526,
32859,
29997,
21633,
20443-5845,
62871,
11220 ,
67321,
51833-7945,
67321,
67321,
67321,
67321,
67321,
48700,
s,
67321,
67321,
67321,
67321,
67321,
67321,
67321,
02316,
68987,
67321,
67321,
67321,
67321,
67321,
67321,
67321,
75044,
83241,
67321,
67321,
67321,
83241,
83241,
76252,
56473,
674,
67321,
71021,
54547,
72741,
67321,
70511,
18473,
02958,
64690,
54976,
34108,
80024,
16077,
76870,
85877,
35057,
59764,
03512,
58814,
83241,
87721,
31145,
61118,
01174,
66102,
59282,
51807,
900180,
15605,
39140,
84530,
00381,
71185,
81456,
3066,
81243,
02316,
02316,
83241,
0101,
54321,
02316,
55555,
02316,
5067,
02316,
02316,
900180,
900180,
900180,
67321,
67321,
67321,
67321,
67321,
67321,
67321,
67321,
67321,
67321,
67321,
67321,
67321,
67321,
67321,
67321,
67321,
67321,
67321,
67321,
67321,
67321,
98707,
789654,
67321,
67321,
67321,
3,
0101,
67321,
23693,
16732-6717,
26322-5977,
40341,
67321,
67321,
79202,
66712,
07093,
23232,
76274,
73254,
85160,
12409,
22266,
65374,
04319,
65521,
58378,
74055,
11508,
73537,
08519,
24396,
48371,
99763,
84677,
68446,
72465,
70540,
74441,
82786,
37022,
78010,
08233,
05193,
83241,
43764,
32,
67321,
0101,
M2M2H1,
67321,
81613-7124,
28877,
62526-1710,
82244,
27390,
84615,
47086,
88627,
24900,
27653,
05399,
51438,
35211,
40869,
63052,
34383,
25110,
87221,
75766,
2013,
87568,
62912,
05764,
11485,
37577,
10815,
44491,
11565,
30941,
83241,
37885,
55213,
05481,
31155,
42004,
20263,
01232,
45208,
28677,
04165,
900180,
04768,
33276,
67321,
0101,
57313-5635,
15600,
67321,
1,
67321,
77056,
0101,
87830,
78031,
06217,
25751,
21282,
44702,
09486,
34408,
48739,
14978,
02137,
39420,
07368,
18044,
98556,
84393,
70988,
28363,
08571,
40218,
23408,
05262,
70114,
65912,
05366,
78783,
03193,
72137,
11384,
52759,
69971-8198,
36460-6478,
74730,
111111,
8,
1234,
qwqe,
34343,
68674-4292,
0101,
69586,
31163,
251526,
80221,
20670-7308,
89374,
83323,
81206,
72758,
30643-4275,
06206,
17163,
43698,
24115,
71680,
57876,
48227,
12790,
49381,
56772,
80444,
10839,
3001,
16165,
46908,
47827,
3001,
1,
3001,
3001,
44566,
3001,
25892,
3001,
20000,
15757-3265,
25709,
21663-6556,
7649,
02316,
ddsf,
02316,
79755,
16368,
75963,
63300,
53681,
81870,
37210,
27332,
00238,
70592,
47132,
82186,
56163,
11961-8798,
23420-0534,
51803-4107,
73710,
2,
0100,
3001,
3001,
3001,
3001,
73710,
qwq,
231,
3001,
0101,
20007,
3001,
1,
3001,
3,
04729,
82666,
3001,
53546,
75427,
17140,
54671,
32173,
04296,
06050,
3001,
84171,
61354,
63773,
04716,
00032,
48439,
78554,
83241,
83753,
86806,
33084,
85,
32,
88258,
15534,
37184,
84388,
52347,
60026,
22484-1528,
79652,
05016,
19447,
07810,
89737,
77946,
57426,
18553,
13738,
11878,
29588,
75102,
17821,
87736,
15782,
31281,
40638,
15433,
66529,
14406,
84724,
73234,
52629,
12752,
70916,
69269,
85836,
63409,
41442,
24750,
37954,
18637,
74030,
46220,
37330,
08147,
04552,
85037,
51124,
92760,
54017,
27764,
11470,
07041,
64436,
17636,
63261,
53384,
00248,
64318,
27141,
38873,
73786,
79843,
21458,
11876,
20412,
55037,
34324,
17043,
23110,
31277,
36785,
42634,
62533,
57231,
82819,
04505,
26471,
23908,
34125,
79831,
25788,
99375,
70051,
28997,
51424,
61035,
62865,
65806,
75242,
05548,
74514,
44954,
25055,
34422,
62184,
25587,
23872,
61455,
02988,
13145,
01135,
33340,
83366,
17468,
29053,
82172,
46291,
66777,
58111,
73710,
45884,
05345,
18839,
04094,
21830,
48454,
24128,
16247,
30048,
16818,
83635,
34758,
83696,
33892,
22360,
78455,
00739,
03087,
38556,
81787,
25412,
50572-3984,
28184,
82214,
70984,
61203,
ddsf,
3001,
5,
3001,
0101,
30074,
22224,
05157,
14707,
35784,
23236,
22222,
62707,
49152,
20532,
77384,
81962,
27267,
64448,
55016,
26881,
35453,
35259,
17371,
26343,
30345,
06017,
64365,
06811,
36842,
83744,
02316,
54598,
00676,
75463,
25504,
62543,
81084,
08301,
63807,
19372,
42882,
50443,
05401,
37707,
56600,
30270,
86677,
73265,
1209,
80139,
67321,
25000,
25000,
07470,
22180,
25000,
74747,
43922,
22180,
17419,
02316,
02316,
60355-3576,
6789,
21850,
24188,
65656,
32587,
06300,
98765,
55641,
34456,
07470,
07470,
45403,
40972,
76543,
0101,
75681-0597,
23515,
28709,
03456,
03456,
2345,
08536,
08536,
12345,
78965,
79586,
79586,
79586,
79586,
08873,
12345,
08043,
32606,
79586,
79586,
77004,
68903,
91306-0803,
6,
96936-9381,
2,
02316,
02316,
01510,
13214654,
1234,
7649,
24715-4828,
86200,
98969,
20108-7195,
8,
26189,
84003-5559,
50235,
56393-8729,
2,
9,
74416-0177,
83310-2757,
88076-9167,
60265,
9,
06300,
106 82,
36444-0575,
mk58eg,
106 82,
06789,
65321,
73710,
1234,
48017,
04874,
65224,
83642-6341,
14526,
SB2 AF4,
SB2 AF4,
06030,
61219-6969,
5,
4,
22180,
5,
41866,
85340-3589,
02904,
61219-6969,
7649,
61219-6969,
57243,
20007,
57243,
12343,
73072-3925,
74426-3508,
12345,
51100,
34246-7520,
52476,
1453,
80033-8511,
1453,
2342,
9876,
5921,
13719-3606,
02316,
29334,
02316,
02316,
02316,
06146-8530,
14526,
4,
73789,
92144,
94271,
7649,
4,
4,
17972,
wer,
7656,
67321,
67321,
95902-5125,
95902-5125,
67321,
67321,
67321,
null,
67321,
null,
null,
null,
null,
null,
null,
null,
null,
null,
null,
null,
null,
null,
12456,
1453,
null,
null,
null,
null,
null,
null,
64643,
53430,
40841-2324,
47014-0400,
31394,
99284-6852,
02316,
94350,
78860,
44499-0063,
51023-0432,
41225,
96195,
92933,
35942-6117,
81677-3356,
55767,
39528-5073,
13793-5695,
71566-6692,
40366,
02316,
02316,
75467-9574,
7649,
78998,
06300,
67321,
1,
7649,
null,
67321,
49866-1161,
71838-0287,
03054,
02316,
68731,
83241,
98765,
98765,
98765,
66571-2305,
123,
48181-2860,
M23,
7649,
69818,
34549-9163,
27406,
1,
0,
7649,
3,
12345,
54545-7295,
7,
7,
12333,
70096,
67557-6439,
62656,
75153-4610,
38867-4325,
22130-5204,
28495,
62202,
06200,
02316,
34740-3038,
29040,
7649,
7649,
2,
nmn,
06460,
56,
51100,
106 82,
111,
123,
6,
2,
9,
0,
8,
4,
0,
6,
7,
9,
3,
7,
6,
6,
1,
8,
9,
6,
3,
8,
2,
7,
4,
4,
8,
61730,
65255,
56313-9995,
7649,
46694,
66444,
7649,
9,
6,
6,
1016 82,
7649,
40156,
3,
2,
3,
1,
2,
6,
3,
2,
7,
3,
06030,
1,
5,
1,
06030,
2,
7,
7,
8,
2,
2,
3,
3,
8,
8,
60331,
0,
5,
7,
2,
0,
6,
5,
4,
2,
0,
7649,
7649,
7649,
0,
0,
2,
1,
0,
1,
7649,
7,
8,
1,
2,
4,
1,
3,
6,
0,
6,
22030,
5,
0,
8,
8,
3,
5,
7649,
06030,
7649,
85783,
7649,
59575-4510,
7649,
7649,
7649,
7649,
16046-9483,
09746-7249,
M9L8s9,
05201,
92144,
22030,
10796,
34343,
34491,
201020,
201020,
22030,
20120,
05385,
92144,
201020,
22030,
201020,
22030,
201020,
22030,
20120,
92979,
201020,
22030,
201020,
22030,
201020,
22030,
12345,
78097-8964,
201020,
22030,
201020,
22030,
201020,
22030,
201020,
22030,
201020,
22030,
201020,
22030,
201020,
22030,
88905-1778,
201020,
22030,
201020,
22030,
201020,
22030,
201020,
22030,
201020,
22030,
201020,
22030,
201020,
22030,
201020,
22030,
055,
20120,
20120,
20120,
20120,
1234,
20120,
201020,
22030,
75098,
16362,
32281,
23232,
09090,
75234,
789,
92144,
201020,
22030,
201020,
22030,
201020,
22030,
201020,
22030,
201020,
22030,
201020,
22030,
201020,
22030,
201020,
22030,
201020,
22030,
201020,
22030,
201020,
22030,
201020,
22030,
201020,
22030,
6,
123,
94010,
48067,
20007,
84653-6799,
47494-2082,
94776-5165,
31665-4699,
01323,
3434,
75809,
03119-8658,
29045,
12558,
30751-1852,
83140,
66399,
38901-3535,
30224-2574,
44153,
03375,
07436,
11678-9955,
16130,
81814,
20007,
76756,
94867,
51267,
87816,
40542,
18648,
71013-3303,
12611,
04113,
67707,
51100,
53481,
56734,
45637,
44235,
00100,
L4E0Z6,
93135-7945,
00100,
3434,
45637,
45637,
45637,
96980-6618,
L6L5H1,
12345,
20407,
80020,
30061,
1234,
95125,
92125,
95125,
09009,
68848,
12203,
24984-1424,
91842,
87796-5904,
00100,
80221,
3425,
3434,
70190-6618,
53081,
16525,
67321,
40207,
06300,
0300,
75632,
63622-1699,
67321,
67321,
16,
67321,
NewCity,
67321,
73710,
0100,
09848-7861,
76253,
73710,
02316,
09878,
25539-2790,
11035,
3421,
44076-3114,
61865-4569,
90128-3209,
7649,
66376,
67321,
84034,
67321,
57243,
58537,
27433-4060,
68236,
NewCity,
900180,
75044,
20847,
85424,
0100,
456,
456,
42664-9144,
67321,
56870-5080,
21719-2721,
67321,
32668,
67321,
67321,
67321,
900180,
67321,
54373,
67321,
67321,
26934,
66641,
69653,
08028,
14028,
43650,
15641,
01535,
40000,
27640,
81243,
87635,
24534,
67321,
67321,
3333,
11111,
73710,
44354-5859,
95608-9655,
67321,
67321,
39374-9595,
65077,
12345,
67321,
456,
456,
34123-8972,
67321,
67321,
30707,
67321,
66627,
60324-8297,
40207,
79335-8485,
25149,
67782,
43730,
69183,
67321,
67321,
67321,
12520-7439,
31744,
56632,
43388,
45306,
52005-1338,
67321,
67321,
67321,
67321,
4567,
6,
02316,
6223656,
02316,
06300,
87615,
99322,
18521,
62897,
77788,
34914,
4900,
78273-5939,
45670,
33491,
90981,
61814,
67321,
72010,
dfd,
12345,
11134,
95655,
67321,
67321,
67321,
67321,
51876,
91226,
86706,
06967,
12798,
09367,
62650,
21613,
61474,
45676,
83241,
88738,
52391,
4564,
53592,
14365,
18479,
02507,
45205-0034,
5132,
900180,
18148,
91739,
88078-6316,
3434,
324,
80221,
77928-3731,
67321,
021,
900180,
39459-1248,
83241,
26638,
26801-5736,
Joe Joe,
67321,
79194-2719,
67321,
67321,
67321,
67321,
67321,
82385,
13344,
73189-3884,
35784,
89681,
873,
06300,
42,
10480,
02316,
82662,
56790-4657,
13532-8344,
08094-7392,
04177-7035,
22031,
00917-0991,
44561-5998,
0101,
0101,
41512,
79631-9445,
75044,
67321,
67321,
67321,
67321,
67321,
67321,
67321,
67321,
67321,
67321,
67321,
67321,
67321,
67321,
67321,
67321,
67321,
67321,
67321,
67321,
67321,
67321,
67321,
67321,
67321,
67321,
67321,
67321,
67321,
67321,
67321,
67321,
67321,
67321,
41869,
84121,
23442,
78283,
19717-4170,
61610,
67321,
67321,
32359-8574,
900180,
67321,
67321,
67321,
67321,
67321,
46172-5004,
67321,
23456,
67321,
8000,
67321,
67321,
67889,
56789,
76028-6885,
15922-5026,
00920,
02481,
12,
48435-4934,
67321,
67321,
67321,
67321,
83241,
67321,
67321,
62668-9746,
84709,
900180,
900180,
96200-2544,
67321,
37304-1570,
67321,
67321,
67321,
67321,
67321,
67321,
67321,
67321,
67321,
67321,
67321,
67321,
67321,
67321,
67321,
67321,
67321,
67321,
67321,
67321,
67321,
67321,
67321,
67321,
67321,
67321,
67321,
67321,
67321,
67321,
67321,
67321,
67321,
67321,
sdf,
20853-8757,
67321,
900180,
15445,
900180,
900180,
67321,
900180,
67321,
24767-9078,
67321,
42200,
67321,
67321,
67321,
67321,
67321,
67321,
67321,
67321,
67321,
67321,
67321,
67321,
67321,
67321,
77423,
59700,
754,
3,
aaa,
900180,
42256-6259,
67321,
67321,
67321,
67321,
67321,
04483,
67321,
67321,
67321,
67321,
67321,
67321,
67321,
67321,
71942,
51858-1699,
88783-2046,
23088-1796,
13424-4775,
56789,
67321,
67321,
67321,
67321,
67321,
67321,
67321,
67321,
67321,
67321,
67321,
67321,
67321,
67321,
67321,
67321,
67321,
67321,
67321,
67321,
67321,
67321,
67321,
67321,
67321,
67321,
67321,
67321,
67321,
67321,
67321,
67321,
67321,
67321,
67321,
67321,
67321,
75044,
67321,
67321,
67321,
67321,
67321,
67321,
67321,
67321,
67321,
67321,
74862,
73710,
02316,
70775-6036,
91397,
51499-9278,
34128,
31120-6275,
15574,
96408-1818,
80516,
67321,
67321,
67321,
67321,
67321,
67321,
67321,
67321,
67321,
67321,
67321,
67321,
67321,
67321,
67321,
67321,
67321,
67321,
42646,
66666,
67321,
2244,
900180,
567,
42972-4919,
74015,
32793-7240,
66387,
32581-9473,
98546,
67321,
67321,
67321,
67321,
67321,
67321,
67321,
67321,
67321,
67321,
67321,
67321,
67321,
67321,
67321,
67321,
67321,
51102,
20121,
75839,
85696,
02316,
76259,
24628,
56383,
67321,
67321,
67321,
0101,
67321,
67321,
67321,
67321,
67321,
67321,
67321,
67321,
67321,
67321,
67321,
67321,
67321,
67321,
67321,
67321,
67321,
67321,
67321,
67321,
67321,
67321,
67321,
63116,
67321,
67321,
67321,
67321,
67321,
67321,
67321,
67321,
67321,
67321,
67321,
67321,
67321,
67321,
67321,
67321,
67321,
67321,
67321,
67321,
67321,
67321,
67321,
67321,
67321,
67321,
67321,
67321,
67321,
67321,
67321,
67321,
67321,
67321,
67321,
67321,
900180,
900180,
07777-0923,
75301,
60774-3031,
86453,
39962,
67321,
67321,
67321,
67321,
67321,
67321,
68731,
52910-2595,
03598-5675,
900180,
900180,
54696-7526,
32859,
29997,
21633,
20443-5845,
62871,
11220 ,
67321,
51833-7945,
67321,
67321,
67321,
67321,
67321,
48700,
s,
67321,
67321,
67321,
67321,
67321,
67321,
67321,
02316,
68987,
67321,
67321,
67321,
67321,
67321,
67321,
67321,
75044,
83241,
67321,
67321,
67321,
83241,
83241,
76252,
56473,
674,
67321,
71021,
54547,
72741,
67321,
70511,
18473,
02958,
64690,
54976,
34108,
80024,
16077,
76870,
85877,
35057,
59764,
03512,
58814,
83241,
87721,
31145,
61118,
01174,
66102,
59282,
51807,
900180,
15605,
39140,
84530,
00381,
71185,
81456,
3066,
81243,
02316,
02316,
83241,
0101,
54321,
02316,
55555,
02316,
5067,
02316,
02316,
900180,
900180,
900180,
67321,
67321,
67321,
67321,
67321,
67321,
67321,
67321,
67321,
67321,
67321,
67321,
67321,
67321,
67321,
67321,
67321,
67321,
67321,
67321,
67321,
67321,
98707,
789654,
67321,
67321,
67321,
3,
0101,
67321,
23693,
16732-6717,
26322-5977,
40341,
67321,
67321,
79202,
66712,
07093,
23232,
76274,
73254,
85160,
12409,
22266,
65374,
04319,
65521,
58378,
74055,
11508,
73537,
08519,
24396,
48371,
99763,
84677,
68446,
72465,
70540,
74441,
82786,
37022,
78010,
08233,
05193,
83241,
43764,
32,
67321,
0101,
M2M2H1,
67321,
81613-7124,
28877,
62526-1710,
82244,
27390,
84615,
47086,
88627,
24900,
27653,
05399,
51438,
35211,
40869,
63052,
34383,
25110,
87221,
75766,
2013,
87568,
62912,
05764,
11485,
37577,
10815,
44491,
11565,
30941,
83241,
37885,
55213,
05481,
31155,
42004,
20263,
01232,
45208,
28677,
04165,
900180,
04768,
33276,
67321,
0101,
57313-5635,
15600,
67321,
1,
67321,
77056,
0101,
87830,
78031,
06217,
25751,
21282,
44702,
09486,
34408,
48739,
14978,
02137,
39420,
07368,
18044,
98556,
84393,
70988,
28363,
08571,
40218,
23408,
05262,
70114,
65912,
05366,
78783,
03193,
72137,
11384,
52759,
69971-8198,
36460-6478,
74730,
111111,
8,
1234,
qwqe,
34343,
68674-4292,
0101,
69586,
31163,
251526,
80221,
20670-7308,
89374,
83323,
81206,
72758,
30643-4275,
06206,
17163,
43698,
24115,
71680,
57876,
48227,
12790,
49381,
56772,
80444,
10839,
3001,
16165,
46908,
47827,
3001,
1,
3001,
3001,
44566,
3001,
25892,
3001,
20000,
15757-3265,
25709,
21663-6556,
7649,
02316,
ddsf,
02316,
79755,
16368,
75963,
63300,
53681,
81870,
37210,
27332,
00238,
70592,
47132,
82186,
56163,
11961-8798,
23420-0534,
51803-4107,
73710,
2,
0100,
3001,
3001,
3001,
3001,
73710,
qwq,
231,
3001,
0101,
20007,
3001,
1,
3001,
3,
04729,
82666,
3001,
53546,
75427,
17140,
54671,
32173,
04296,
06050,
3001,
84171,
61354,
63773,
04716,
00032,
48439,
78554,
83241,
83753,
86806,
33084,
85,
32,
88258,
15534,
37184,
84388,
52347,
60026,
22484-1528,
79652,
05016,
19447,
07810,
89737,
77946,
57426,
18553,
13738,
11878,
29588,
75102,
17821,
87736,
15782,
31281,
40638,
15433,
66529,
14406,
84724,
73234,
52629,
12752,
70916,
69269,
85836,
63409,
41442,
24750,
37954,
18637,
74030,
46220,
37330,
08147,
04552,
85037,
51124,
92760,
54017,
27764,
11470,
07041,
64436,
17636,
63261,
53384,
00248,
64318,
27141,
38873,
73786,
79843,
21458,
11876,
20412,
55037,
34324,
17043,
23110,
31277,
36785,
42634,
62533,
57231,
82819,
04505,
26471,
23908,
34125,
79831,
25788,
99375,
70051,
28997,
51424,
61035,
62865,
65806,
75242,
05548,
74514,
44954,
25055,
34422,
62184,
25587,
23872,
61455,
02988,
13145,
01135,
33340,
83366,
17468,
29053,
82172,
46291,
66777,
58111,
73710,
45884,
05345,
18839,
04094,
21830,
48454,
24128,
16247,
30048,
16818,
83635,
34758,
83696,
33892,
22360,
78455,
00739,
03087,
38556,
81787,
25412,
50572-3984,
28184,
82214,
70984,
61203,
ddsf,
3001,
5,
3001,
0101,
30074,
22224,
05157,
14707,
35784,
23236,
22222,
62707,
49152,
20532,
77384,
81962,
27267,
64448,
55016,
26881,
35453,
35259,
17371,
26343,
30345,
06017,
64365,
06811,
36842,
83744,
02316,
54598,
00676,
75463,
25504,
62543,
81084,
08301,
63807,
19372,
42882,
50443,
05401,
37707,
56600,
30270,
86677,
73265,
1209,
80139,
67321,
25000,
25000,
07470,
22180,
25000,
74747,
43922,
22180,
17419,
02316,
02316,
60355-3576,
6789,
21850,
24188,
65656,
32587,
06300,
98765,
55641,
34456,
07470,
07470,
45403,
40972,
76543,
0101,
75681-0597,
23515,
28709,
03456,
03456,
2345,
08536,
08536,
12345,
78965,
79586,
79586,
79586,
79586,
08873,
12345,
08043,
32606,
79586,
79586,
77004,
68903,
91306-0803,
6,
96936-9381,
2,
02316,
02316,
01510,
13214654,
1234,
7649,
24715-4828,
86200,
98969,
20108-7195,
8,
26189,
84003-5559,
50235,
56393-8729,
2,
9,
74416-0177,
83310-2757,
88076-9167,
60265,
9,
06300,
106 82,
36444-0575,
mk58eg,
106 82,
06789,
65321,
73710,
1234,
48017,
04874,
65224,
83642-6341,
14526,
SB2 AF4,
SB2 AF4,
06030,
61219-6969,
5,
4,
22180,
5,
41866,
85340-3589,
02904,
61219-6969,
7649,
61219-6969,
57243,
20007,
57243,
12343,
73072-3925,
74426-3508,
12345,
51100,
34246-7520,
52476,
1453,
80033-8511,
1453,
2342,
9876,
5921,
13719-3606,
02316,
29334,
02316,
02316,
02316,
06146-8530,
14526,
4,
73789,
92144,
94271,
7649,
4,
4,
17972,
wer,
7656,
67321,
67321,
95902-5125,
95902-5125,
67321,
67321,
67321,
null,
67321,
null,
null,
null,
null,
null,
null,
null,
null,
null,
null,
null,
null,
null,
12456,
1453,
null,
null,
null,
null,
null,
null,
64643,
53430,
40841-2324,
47014-0400,
31394,
99284-6852,
02316,
94350,
78860,
44499-0063,
51023-0432,
41225,
96195,
92933,
35942-6117,
81677-3356,
55767,
39528-5073,
13793-5695,
71566-6692,
40366,
02316,
02316,
75467-9574,
7649,
78998,
06300,
67321,
1,
7649,
null,
67321,
49866-1161,
71838-0287,
03054,
02316,
68731,
83241,
98765,
98765,
98765,
66571-2305,
123,
48181-2860,
M23,
7649,
69818,
34549-9163,
27406,
1,
0,
7649,
3,
12345,
54545-7295,
7,
7,
12333,
70096,
67557-6439,
62656,
75153-4610,
38867-4325,
22130-5204,
28495,
62202,
06200,
02316,
34740-3038,
29040,
7649,
7649,
2,
nmn,
06460,
56,
51100,
106 82,
111,
123,
6,
2,
9,
0,
8,
4,
0,
6,
7,
9,
3,
7,
6,
6,
1,
8,
9,
6,
3,
8,
2,
7,
4,
4,
8,
61730,
65255,
56313-9995,
7649,
46694,
66444,
7649,
9,
6,
6,
1016 82,
7649,
40156,
3,
2,
3,
1,
2,
6,
3,
2,
7,
3,
06030,
1,
5,
1,
06030,
2,
7,
7,
8,
2,
2,
3,
3,
8,
8,
60331,
0,
5,
7,
2,
0,
6,
5,
4,
2,
0,
7649,
7649,
7649,
0,
0,
2,
1,
0,
1,
7649,
7,
8,
1,
2,
4,
1,
3,
6,
0,
6,
22030,
5,
0,
8,
8,
3,
5,
7649,
06030,
7649,
85783,
7649,
59575-4510,
7649,
7649,
7649,
7649,
16046-9483,
09746-7249,
M9L8s9,
05201,
92144,
22030,
10796,
34343,
34491,
201020,
201020,
22030,
20120,
05385,
92144,
201020,
22030,
201020,
22030,
201020,
22030,
20120,
92979,
201020,
22030,
201020,
22030,
201020,
22030,
12345,
78097-8964,
201020,
22030,
201020,
22030,
201020,
22030,
201020,
22030,
201020,
22030,
201020,
22030,
201020,
22030,
88905-1778,
201020,
22030,
201020,
22030,
201020,
22030,
201020,
22030,
201020,
22030,
201020,
22030,
201020,
22030,
201020,
22030,
055,
20120,
20120,
20120,
20120,
1234,
20120,
201020,
22030,
75098,
16362,
32281,
23232,
09090,
75234,
789,
92144,
201020,
22030,
201020,
22030,
201020,
22030,
201020,
22030,
201020,
22030,
201020,
22030,
201020,
22030,
201020,
22030,
201020,
22030,
201020,
22030,
201020,
22030,
201020,
22030,
201020,
22030,
6,
123,
94010,
48067,
20007,
84653-6799,
47494-2082,
94776-5165,
31665-4699,
01323,
3434,
75809,
03119-8658,
29045,
12558,
30751-1852,
83140,
66399,
38901-3535,
30224-2574,
44153,
03375,
07436,
11678-9955,
16130,
81814,
20007,
76756,
94867,
51267,
87816,
40542,
18648,
71013-3303,
12611,
04113,
67707,
51100,
53481,
56734,
45637,
44235,
00100,
L4E0Z6,
93135-7945,
00100,
3434,
45637,
45637,
45637,
96980-6618,
L6L5H1,
12345,
20407,
80020,
30061,
1234,
95125,
92125,
95125,
09009,
68848,
12203,
24984-1424,
91842,
87796-5904,
00100,
80221,
3425,
3434,
70190-6618,
